cx: 603.6834516432036
cy: 497.2323057310505
fx: 1331.7752710858151
fy: 1300.6919117307045
k1: -0.8335700158337742
k2: 12.29217665645393
k3: -49.242221757654555
p1: -0.045409042469706916
p2: -0.02179031546371322
