cx: 523.3399880695348
cy: 606.27638247403
fx: 1315.9932543719754
fy: 1332.3794492846234
k1: 0.6074846503427348
k2: -5.41301535709596
k3: 15.873832597680725
p1: -0.021502257740165148
p2: -0.046791457883218424
