cx: 283.3975555321834
cy: 198.14215642268962
fx: 695.6156551847523
fy: 646.6039611301296
k1: -0.05533519899903802
k2: 0.4761268488200766
k3: -1.3385081128244871
p1: -0.00969980877813284
p2: -0.0214214140327132
