fx: 1.31699288e+03
fy: 1.31380290e+03
cx: 6.85533005e+02
cy: 5.10896665e+02
k1: 1.31107171e-02
k2: -7.75338621e-01
p1: 2.40394190e-04
p2: 5.72737317e-03
k3: 3.38599842e+00